=== Stage 5, Section 8: quasi-static boundary handoff (oracle Sigma*(z)) ===
      z         L1             B1         L2               B2         L3         B3  K_0.01          B_delta
 -1.000   0.042279         [(4,)]   0.000000         [(4, 5)]   0.000000 [(4, 5), (4, 5, 6), (4, 5, 7)]       2         [(4, 5)]
 -0.900   0.044179         [(4,)]   0.000370         [(4, 5)]   0.000000 [(4, 5, 6)]       2         [(4, 5)]
 -0.800   0.046672         [(4,)]   0.001438         [(4, 5)]   0.000000 [(4, 5, 6)]       2         [(4, 5)]
 -0.700   0.049710         [(4,)]   0.003147         [(4, 5)]   0.000000 [(4, 5, 6)]       2         [(4, 5)]
 -0.600   0.053254         [(4,)]   0.005449         [(4, 5)]   0.000000 [(4, 5, 6)]       2         [(4, 5)]
 -0.500   0.057270         [(4,)]   0.008304         [(4, 5)]   0.000000 [(4, 5, 6)]       2         [(4, 5)]
 -0.400   0.061731         [(4,)]   0.011677         [(4, 5)]   0.000000 [(4, 5, 6)]       3      [(4, 5, 6)]
 -0.300   0.066614         [(4,)]   0.015540         [(4, 5)]   0.000000 [(4, 5, 6)]       3      [(4, 5, 6)]
 -0.200   0.071901         [(4,)]   0.019868         [(4, 5)]   0.000000 [(4, 5, 6)]       3      [(4, 5, 6)]
 -0.100   0.077576         [(4,)]   0.024640         [(4, 5)]   0.000000 [(4, 5, 6)]       3      [(4, 5, 6)]
  0.000   0.083626   [(4,), (6,)]   0.029838 [(4, 5), (5, 6)]   0.000000 [(4, 5, 6)]       3      [(4, 5, 6)]
  0.100   0.077576         [(6,)]   0.024640         [(5, 6)]   0.000000 [(4, 5, 6)]       3      [(4, 5, 6)]
  0.200   0.071901         [(6,)]   0.019868         [(5, 6)]   0.000000 [(4, 5, 6)]       3      [(4, 5, 6)]
  0.300   0.066614         [(6,)]   0.015540         [(5, 6)]   0.000000 [(4, 5, 6)]       3      [(4, 5, 6)]
  0.400   0.061731         [(6,)]   0.011677         [(5, 6)]   0.000000 [(4, 5, 6)]       3      [(4, 5, 6)]
  0.500   0.057270         [(6,)]   0.008304         [(5, 6)]   0.000000 [(4, 5, 6)]       2         [(5, 6)]
  0.600   0.053254         [(6,)]   0.005449         [(5, 6)]   0.000000 [(4, 5, 6)]       2         [(5, 6)]
  0.700   0.049710         [(6,)]   0.003147         [(5, 6)]   0.000000 [(4, 5, 6)]       2         [(5, 6)]
  0.800   0.046672         [(6,)]   0.001438         [(5, 6)]   0.000000 [(4, 5, 6)]       2         [(5, 6)]
  0.900   0.044179         [(6,)]   0.000370         [(5, 6)]   0.000000 [(4, 5, 6)]       2         [(5, 6)]
  1.000   0.042279         [(6,)]   0.000000         [(5, 6)]   0.000000 [(5, 6), (4, 5, 6), (5, 6, 7)]       2         [(5, 6)]

z=-1: Kdelta(0.01)=2, achievers=[(4, 5)]  (expect 2, [(4,5)])
z=0 : Kdelta(0.01)=3, achievers=[(4, 5, 6)]  (expect 3, [(4,5,6)])
z=+1: Kdelta(0.01)=2, achievers=[(5, 6)]  (expect 2, [(5,6)])
Qualitative {4,5} -> {4,5,6} -> {5,6} transition confirmed on this grid: True

Saved quasi-static table to /home/hridai/code/graded-mb/stage5/data/part8_quasistatic.csv

--- Demonstration: slow forced-z ramp (T_ramp=8) fast-subsystem tracking oracle ---
max|Sigma(t) - Sigma*(z(t))| over slow ramp (T_ramp=8) = 1.9497e-03 (should be small: near-adiabatic)